{
 "cells": [
  {
   "cell_type": "code",
   "execution_count": 1,
   "metadata": {},
   "outputs": [],
   "source": [
    "import panda_py\n",
    "import numpy as np\n",
    "import math"
   ]
  },
  {
   "cell_type": "code",
   "execution_count": 2,
   "metadata": {},
   "outputs": [
    {
     "name": "stdout",
     "output_type": "stream",
     "text": [
      "[3.06824779e-01 2.75706757e-04 5.90551758e-01]\n",
      "[ 9.24298694e-01 -3.81669855e-01 -2.04603454e-04  5.80732685e-05]\n",
      "[ 5.80732685e-05  9.24298694e-01 -3.81669855e-01 -2.04603454e-04]\n"
     ]
    }
   ],
   "source": [
    "hostname = '192.168.1.131'\n",
    "panda = panda_py.Panda(hostname)\n",
    "\n",
    "print(panda.get_position())\n",
    "print(panda.get_orientation())\n",
    "print(panda.get_orientation(True))\n"
   ]
  },
  {
   "cell_type": "code",
   "execution_count": 3,
   "metadata": {},
   "outputs": [
    {
     "name": "stdout",
     "output_type": "stream",
     "text": [
      "[[ 7.08451451e-01 -7.05759479e-01 -3.15931012e-04  3.06836144e-01]\n",
      " [-7.05759481e-01 -7.08451509e-01  1.23476293e-04  1.86330246e-04]\n",
      " [-3.10966366e-04  1.35494348e-04 -9.99999942e-01  5.90561962e-01]\n",
      " [ 0.00000000e+00  0.00000000e+00  0.00000000e+00  1.00000000e+00]]\n",
      "[[ 2.76002769e-03 -9.99993292e-01 -2.40779594e-03  3.07175980e-01]\n",
      " [-9.99996149e-01 -2.75932062e-03 -2.96932224e-04 -1.06479062e-03]\n",
      " [ 2.90286352e-04  2.40860621e-03 -9.99997057e-01  5.93319983e-01]\n",
      " [ 0.00000000e+00  0.00000000e+00  0.00000000e+00  1.00000000e+00]]\n"
     ]
    }
   ],
   "source": [
    "panda.move_to_start()\n",
    "pose = panda.get_pose()\n",
    "print(pose)\n",
    "pose[2,3] -= .1\n",
    "q = panda_py.ik(pose)\n",
    "panda.move_to_joint_position(q)\n",
    "pose = panda.get_pose()\n",
    "print(pose)"
   ]
  },
  {
   "cell_type": "code",
   "execution_count": 130,
   "metadata": {},
   "outputs": [
    {
     "name": "stdout",
     "output_type": "stream",
     "text": [
      "[-2.8973 -1.7628 -2.8973 -3.0718 -2.8973 -0.0175 -2.8973]\n",
      "[ 2.8973  1.7628  2.8973 -0.0698  2.8973  3.7525  2.8973]\n",
      "[ 0.         -0.78539816  0.         -2.35619449  0.          1.57079633\n",
      "  0.78539816]\n"
     ]
    }
   ],
   "source": [
    "lower_limits = panda_py.constants.JOINT_LIMITS_LOWER\n",
    "upper_limits = panda_py.constants.JOINT_LIMITS_UPPER\n",
    "start_pos = panda_py.constants.JOINT_POSITION_START\n",
    "\n",
    "# move_to_start actually targets this joint positions not panda_py.constants.JOINT_POSITION_START\n",
    "start_pos = np.array([ 0. , -0.78539816, 0. , -2.35619449, 0. , 1.57079633, 0.78539816])\n",
    "\n",
    "print(lower_limits)\n",
    "print(upper_limits)\n",
    "print(start_pos)\n",
    "start_pos.shape\n",
    "#start_pos[6] = math.pi/4\n",
    "panda.move_to_joint_position(start_pos)\n",
    "\n",
    "panda.move_to_start()\n",
    "pos = panda.get_pose()\n",
    "#pos[0,3] = 0.4\n",
    "#panda.move_to_pose(pos)\n",
    "#pos[1,3] = 0\n",
    "#pos[2,3] = 0.1\n",
    "#q = panda_py.ik(pose)\n",
    "#panda.move_to_joint_position(q)\n",
    "#print(q)\n"
   ]
  },
  {
   "cell_type": "code",
   "execution_count": 102,
   "metadata": {},
   "outputs": [
    {
     "name": "stdout",
     "output_type": "stream",
     "text": [
      "[[ 7.08573167e-01 -7.05634291e-01 -2.07712828e-03  2.07014338e-01]\n",
      " [-7.05635580e-01 -7.08574911e-01  1.52314093e-04  2.24030478e-04]\n",
      " [-1.57927904e-03  1.35776994e-03 -9.99997831e-01  5.89863640e-01]\n",
      " [ 0.00000000e+00  0.00000000e+00  0.00000000e+00  1.00000000e+00]]\n",
      "[-1.13965067 -1.14105694  0.35440274 -2.10617044  0.37691447  1.02150701\n",
      "  0.78539816]\n"
     ]
    }
   ],
   "source": [
    "pose[0,3] -= .1\n",
    "print(pose)\n",
    "q = panda_py.ik(pose)\n",
    "print(q)"
   ]
  },
  {
   "cell_type": "code",
   "execution_count": 103,
   "metadata": {},
   "outputs": [
    {
     "name": "stdout",
     "output_type": "stream",
     "text": [
      "[[ 4.22824757e-03 -9.99983747e-01 -3.82464785e-03  2.07901902e-01]\n",
      " [-9.99990819e-01 -4.22555762e-03 -7.11127257e-04 -6.58942587e-04]\n",
      " [ 6.94954429e-04  3.82761956e-03 -9.99992433e-01  6.92970710e-01]\n",
      " [ 0.00000000e+00  0.00000000e+00  0.00000000e+00  1.00000000e+00]]\n"
     ]
    }
   ],
   "source": [
    "panda.move_to_joint_position(q)\n",
    "pose = panda.get_pose()\n",
    "print(pose)"
   ]
  },
  {
   "cell_type": "code",
   "execution_count": 98,
   "metadata": {},
   "outputs": [
    {
     "name": "stdout",
     "output_type": "stream",
     "text": [
      "[[ 7.54485714e-03 -9.99962818e-01 -4.17575940e-03  2.07862276e-01]\n",
      " [-9.99971338e-01 -7.54215601e-03 -6.62230545e-04 -4.60601386e-04]\n",
      " [ 6.30711693e-04  4.18063615e-03 -9.99991062e-01  6.92958802e-01]\n",
      " [ 0.00000000e+00  0.00000000e+00  0.00000000e+00  1.00000000e+00]]\n",
      "[[ 6.99962804e-03 -9.99956541e-01 -6.15796865e-03  3.07281922e-01]\n",
      " [-9.99975234e-01 -7.00400091e-03  6.88837408e-04  5.61316233e-04]\n",
      " [-7.31937890e-04  6.15299454e-03 -9.99980802e-01  6.92625281e-01]\n",
      " [ 0.00000000e+00  0.00000000e+00  0.00000000e+00  1.00000000e+00]]\n",
      "[[ 8.10553506e-03 -9.99966862e-01 -7.58996040e-04  2.07968927e-01]\n",
      " [-9.99967000e-01 -8.10594662e-03  5.40745270e-04 -1.88362048e-05]\n",
      " [-5.46879732e-04  7.54587964e-04 -9.99999566e-01  6.93507419e-01]\n",
      " [ 0.00000000e+00  0.00000000e+00  0.00000000e+00  1.00000000e+00]]\n",
      "[[ 6.69508010e-03 -9.99959510e-01 -6.01276383e-03  3.07245825e-01]\n",
      " [-9.99977204e-01 -6.70022685e-03  8.36235288e-04  3.79042471e-04]\n",
      " [-8.76488311e-04  6.00702810e-03 -9.99981574e-01  6.92663682e-01]\n",
      " [ 0.00000000e+00  0.00000000e+00  0.00000000e+00  1.00000000e+00]]\n",
      "[[ 8.07021263e-03 -9.99967300e-01 -5.19482842e-04  2.07911718e-01]\n",
      " [-9.99967289e-01 -8.07049100e-03  5.36015064e-04  1.67781779e-06]\n",
      " [-5.40190018e-04  5.15140094e-04 -9.99999721e-01  6.93573883e-01]\n",
      " [ 0.00000000e+00  0.00000000e+00  0.00000000e+00  1.00000000e+00]]\n",
      "[[ 6.62628767e-03 -9.99959075e-01 -6.15966793e-03  3.07305929e-01]\n",
      " [-9.99977618e-01 -6.63185881e-03  8.84469676e-04  3.46565393e-04]\n",
      " [-9.25283527e-04  6.15366932e-03 -9.99980638e-01  6.92603911e-01]\n",
      " [ 0.00000000e+00  0.00000000e+00  0.00000000e+00  1.00000000e+00]]\n",
      "[[ 8.19578904e-03 -9.99966279e-01 -5.20480193e-04  2.07875171e-01]\n",
      " [-9.99966295e-01 -8.19604135e-03  4.84508669e-04  4.94142208e-05]\n",
      " [-4.88758208e-04  5.16491719e-04 -9.99999747e-01  6.93577682e-01]\n",
      " [ 0.00000000e+00  0.00000000e+00  0.00000000e+00  1.00000000e+00]]\n",
      "[[ 6.56108719e-03 -9.99960535e-01 -5.99001649e-03  3.07239511e-01]\n",
      " [-9.99978130e-01 -6.56595014e-03  7.92537598e-04  3.28240696e-04]\n",
      " [-8.31836470e-04  5.98468558e-03 -9.99981746e-01  6.92672308e-01]\n",
      " [ 0.00000000e+00  0.00000000e+00  0.00000000e+00  1.00000000e+00]]\n",
      "[[ 7.77073379e-03 -9.99960772e-01 -4.25079675e-03  3.07754327e-01]\n",
      " [-9.99969807e-01 -7.77053992e-03 -6.21209048e-05 -1.00482858e-01]\n",
      " [ 2.90874821e-05  4.25115113e-03 -9.99990963e-01  6.92625053e-01]\n",
      " [ 0.00000000e+00  0.00000000e+00  0.00000000e+00  1.00000000e+00]]\n",
      "[[ 0.00977294 -0.99994459 -0.00391168  0.30769311]\n",
      " [-0.99994902 -0.0097629  -0.00257698  0.00127496]\n",
      " [ 0.00253865  0.00393666 -0.99998903  0.69319223]\n",
      " [ 0.          0.          0.          1.        ]]\n",
      "[[ 0.00704201 -0.9999609  -0.00534803  0.30751721]\n",
      " [-0.99996306 -0.00706817  0.00488997 -0.09993132]\n",
      " [-0.00492758  0.00531339 -0.99997374  0.69246718]\n",
      " [ 0.          0.          0.          1.        ]]\n",
      "[[ 0.00973307 -0.99994495 -0.00391979  0.30770058]\n",
      " [-0.99994941 -0.00972301 -0.00257708  0.00126473]\n",
      " [ 0.00253883  0.00394468 -0.999989    0.69319514]\n",
      " [ 0.          0.          0.          1.        ]]\n",
      "[[ 0.00704871 -0.9999609  -0.00533964  0.30750673]\n",
      " [-0.99996256 -0.00707533  0.00498213 -0.09991493]\n",
      " [-0.00501971  0.00530432 -0.99997333  0.69247085]\n",
      " [ 0.          0.          0.          1.        ]]\n",
      "[[ 0.00967826 -0.99994535 -0.00395376  0.30769235]\n",
      " [-0.99995012 -0.0096684  -0.00250529  0.00123709]\n",
      " [ 0.00246693  0.00397781 -0.99998905  0.69319498]\n",
      " [ 0.          0.          0.          1.        ]]\n",
      "[[ 0.00703799 -0.99996155 -0.00523126  0.3075008 ]\n",
      " [-0.99996273 -0.00706396  0.00496358 -0.09991927]\n",
      " [-0.00500034  0.00519613 -0.999974    0.69249087]\n",
      " [ 0.          0.          0.          1.        ]]\n",
      "[[ 0.00970135 -0.99994499 -0.00398758  0.30769333]\n",
      " [-0.99994999 -0.00969156 -0.00246694  0.00123843]\n",
      " [ 0.00242816  0.00401131 -0.99998901  0.69318551]\n",
      " [ 0.          0.          0.          1.        ]]\n",
      "[[ 6.72793121e-03 -9.99964743e-01 -5.02475171e-03  3.07502286e-01]\n",
      " [-9.99977205e-01 -6.73070984e-03  5.36281858e-04 -6.95789773e-04]\n",
      " [-5.70083096e-04  5.02102910e-03 -9.99987232e-01  5.92668243e-01]\n",
      " [ 0.00000000e+00  0.00000000e+00  0.00000000e+00  1.00000000e+00]]\n",
      "[[ 1.05749353e-02 -9.99943588e-01 -9.95281216e-04  3.07772525e-01]\n",
      " [-9.99942593e-01 -1.05731956e-02 -1.73729743e-03  1.60763072e-03]\n",
      " [ 1.72667612e-03  1.01359589e-03 -9.99997996e-01  6.93490483e-01]\n",
      " [ 0.00000000e+00  0.00000000e+00  0.00000000e+00  1.00000000e+00]]\n",
      "[[ 5.06192634e-03 -9.99952302e-01 -8.35284486e-03  3.07082289e-01]\n",
      " [-9.99981026e-01 -5.09104329e-03  3.46829876e-03 -6.27568103e-04]\n",
      " [-3.51065802e-03  8.33513010e-03 -9.99959100e-01  5.92428622e-01]\n",
      " [ 0.00000000e+00  0.00000000e+00  0.00000000e+00  1.00000000e+00]]\n",
      "[[ 0.01046423 -0.99994473 -0.00101955  0.30775836]\n",
      " [-0.99994397 -0.01046258 -0.00161216  0.00154811]\n",
      " [ 0.00160141  0.00103636 -0.99999818  0.69348455]\n",
      " [ 0.          0.          0.          1.        ]]\n",
      "[[ 5.06693537e-03 -9.99953120e-01 -8.25133391e-03  3.07080198e-01]\n",
      " [-9.99981289e-01 -5.09501546e-03  3.38563982e-03 -6.14223667e-04]\n",
      " [-3.42752177e-03  8.23402471e-03 -9.99960226e-01  5.92444205e-01]\n",
      " [ 0.00000000e+00  0.00000000e+00  0.00000000e+00  1.00000000e+00]]\n",
      "[[ 0.01047523 -0.99994461 -0.00101918  0.30775697]\n",
      " [-0.99994383 -0.01047357 -0.00162329  0.00155565]\n",
      " [ 0.00161252  0.00103613 -0.99999816  0.69349676]\n",
      " [ 0.          0.          0.          1.        ]]\n",
      "[[ 5.07144034e-03 -9.99952171e-01 -8.36276850e-03  3.07070836e-01]\n",
      " [-9.99981375e-01 -5.09963056e-03  3.35304793e-03 -5.81664411e-04]\n",
      " [-3.39553458e-03  8.34560796e-03 -9.99959410e-01  5.92419343e-01]\n",
      " [ 0.00000000e+00  0.00000000e+00  0.00000000e+00  1.00000000e+00]]\n",
      "[[ 0.01053032 -0.99994396 -0.0010937   0.30775018]\n",
      " [-0.99994336 -0.01052861 -0.00155417  0.00157628]\n",
      " [ 0.00154257  0.00111001 -0.99999819  0.69348201]\n",
      " [ 0.          0.          0.          1.        ]]\n"
     ]
    },
    {
     "data": {
      "text/plain": [
       "True"
      ]
     },
     "execution_count": 98,
     "metadata": {},
     "output_type": "execute_result"
    }
   ],
   "source": [
    "delta = 0.1\n",
    "\n",
    "for j in range(3):\n",
    "    panda.move_to_start()\n",
    "    pose = panda.get_pose()\n",
    "    for i in range(4):\n",
    "        pose[j,3] -= delta\n",
    "        q = panda_py.ik(pose)\n",
    "        # if any element of q is nan, then the ik failed\n",
    "        if any([True for x in q if x != x]):\n",
    "            print(q)\n",
    "            print('IK failed')\n",
    "            break\n",
    "        panda.move_to_joint_position(q)\n",
    "        p = panda.get_pose()\n",
    "        print(p)\n",
    "        pose[j,3] += delta\n",
    "        q = panda_py.ik(pose)\n",
    "        if any([True for x in q if x != x]):\n",
    "            print(q)\n",
    "            print('IK failed')\n",
    "            break\n",
    "        panda.move_to_joint_position(q)\n",
    "        p = panda.get_pose()\n",
    "        print(p)\n",
    "        #print(panda.get_position())\n",
    "        #print(panda.get_orientation())\n",
    "    #print(panda.get_orientation(True))\n",
    "panda.move_to_start() \n",
    "\n"
   ]
  },
  {
   "cell_type": "code",
   "execution_count": 30,
   "metadata": {},
   "outputs": [],
   "source": [
    "for i in range(10):\n",
    "    pose[2,3] += delta_z\n",
    "    q = panda_py.ik(pose)\n",
    "    panda.move_to_joint_position(q)"
   ]
  }
 ],
 "metadata": {
  "kernelspec": {
   "display_name": "base",
   "language": "python",
   "name": "python3"
  },
  "language_info": {
   "codemirror_mode": {
    "name": "ipython",
    "version": 3
   },
   "file_extension": ".py",
   "mimetype": "text/x-python",
   "name": "python",
   "nbconvert_exporter": "python",
   "pygments_lexer": "ipython3",
   "version": "3.12.4"
  }
 },
 "nbformat": 4,
 "nbformat_minor": 2
}
